#1
double table(22, 3) # time power temperature
106.0 0.835667339 0.392523364
342.0 0.831057124 0.387383178
577.0 0.826446909 0.38317757
813.0 0.821836694 0.38317757
1048.0 0.817226478 0.386448598
1284.0 0.812616263 0.392523364
1520.0 0.809427419 0.385981308
1755.0 0.807975806 0.372429907
1991.0 0.806524194 0.364485981
2227.0 0.805072581 0.363084112
2462.0 0.803620968 0.355373832
2698.0 0.802169355 0.363785047
2933.0 0.790006048 0.35046729
3169.0 0.764750672 0.347196262
3405.0 0.739495296 0.355140187
3640.0 0.714239919 0.355140187
3876.0 0.688984543 0.351869159
4111.0 0.663729167 0.344392523
4347.0 0.645967742 0.336448598
4583.0 0.637365591 0.331308411
4818.0 0.628763441 0.323831776
5054.0 0.62016129 0.317757009
